#include <iostream>
int main() 
{
const int numRows=10;
const int numCols = 10;
int product[numRows][numCols] = {0};
 for (int row=0; row < numRows; ++row)
  for (int col = 0; col < numCols; ++col)
    product[row][col]=row*col;
  std::cout << "traditional for loop: \n";
  for (int row = 1; row < numRows; ++row)
{
    for (int col = 1; col<numCols; ++col)
{
      std::cout << product[row][col] << "\t";
}
    std::cout << std::endl;
}
std::cout << "range based:  \n";
for(auto &row:product)
{
  for(auto col:row) {
  std::cout << col << "\t";
  }
  std::cout << std::endl;
  }
}
/*traditional for loop: 
1	2	3	4	5	6	7	8	9	
2	4	6	8	10	12	14	16	18	
3	6	9	12	15	18	21	24	27	
4	8	12	16	20	24	28	32	36	
5	10	15	20	25	30	35	40	45	
6	12	18	24	30	36	42	48	54	
7	14	21	28	35	42	49	56	63	
8	16	24	32	40	48	56	64	72	
9	18	27	36	45	54	63	72	81	
range based:  
0	0	0	0	0	0	0	0	0	0	
0	1	2	3	4	5	6	7	8	9	
0	2	4	6	8	10	12	14	16	18	
0	3	6	9	12	15	18	21	24	27	
0	4	8	12	16	20	24	28	32	36	
0	5	10	15	20	25	30	35	40	45	
0	6	12	18	24	30	36	42	48	54	
0	7	14	21	28	35	42	49	56	63	
0	8	16	24	32	40	48	56	64	72	
0	9	18	27	36	45	54	63	72	81	
 */
